6
0,315,431,1345,1305,1344
315,0,479,1130,1090,1337
431,479,0,1385,1345,1334
1345,1130,1385,0,262,938
1305,1090,1345,262,0,802
1344,1337,1334,938,802,0
0,2534,3297,18160,17918,19697
2534,0,2650,15920,15678,18322
3297,2650,0,18088,17846,17693
18160,15920,18088,0,1183,9129
17918,15678,17846,1183,0,8540
19697,18322,17693,9129,8540,0
