6
0, 6, 4, 20, 21, 21
6, 0, 5, 21, 23, 22
4, 5, 0, 20, 22, 22
20, 21, 20, 0, 6, 17
21, 23, 22, 6, 0, 14
21, 22, 22, 17, 14, 0
0.0, 2.5, 2.1, 15.4, 16.4, 19.4 
2.5, 0.0, 2.6, 17.1, 18.1, 18.8
2.1, 2.6, 0.0, 17.6, 18.2, 20.8
15.4, 17.1, 17.6, 0.0, 1.7, 9.6
16.4, 18.1, 18.2, 1.7, 0.0, 9.3
19.4, 18.8, 20.8, 9.6, 9.3, 0.0